array: [-306.9847730911105, 432.99753783711066, -218.99103375670802, 246.003693084201, -286.0043680871652, -278.0012529125739, -295.01646910210457, -359.0019474828249, -350.0079666785368, -114.99849664102035, -323.9972219085798, -400.99449809307663, 281.00035796748256, -135.0013643254295, 12.001140128561275, 281.9965562773349, -85.9891313454598, 326.9940994382877, -272.0115546137715, 482.010531945991, 123.99635439243946, 484.003764859471, 378.0096142090571, 340.0079501631998, -342.99107062851886, -289.9988410417902, -25.00261072249021, -149.00312520344102, 385.99299255366157, 7.999020129493314, 65.01178930034635, -47.005440717553476, 130.98681821039938, -217.01423449058203, -475.9992492586967, 281.0026402519653, -147.98997270230964, -364.99574594255483, -472.9907680977028, 349.0135283996101]
fitness : 20.003234834313268
end_deviation: 0.010196978777524303
