array: [63.00319452055007, 293.0051205937014, -394.00607780508557, 493.9722904182175, 159.9996369212098, 58.001987999000626, -297.02333632750094, -405.0198267173869, -243.9935027630376, -67.01702234210292, -260.00284490781587, 399.0302382899677, 487.9880209997078, 147.99117894051443, 477.9891137760066, -87.00677413156993, -255.9940446550788, -115.95368785035159, 244.01924741035225, 367.99309163804645, -248.02058196903224, 465.9944489924191, -240.9990213522165, -62.012471960226854, 346.94696841602655, -367.9698406356734, -140.03251761044453, -457.0108382012931, 341.0018489488794, 444.02298284658775, -214.97532514759578, -27.028483738403462, -314.9690701683488, 423.985093017077, 106.99747267227201, 87.00150368003477, -473.98347577009815, -385.999326695247, -465.00620673271123, 198.0112262221922]
fitness : 20.020105183620686
end_deviation: 0.5
