array: [0.0003885883073172302, -0.0001329389986910942, 0.0016959211675067435, 0.0013354483088871098, 0.00013806662933115972, 0.0026842664737460643, 0.0013852868564629467, -0.0017913231960423083, 2.5112595665512235e-05, -0.0022327982445659407, 0.0008112243166456534, -0.0013011431430503518, -0.0013095622324136753, -0.0010300352862104745, 0.0003699400871979568, -0.0006078097062486884, 0.0020851538336379384, 0.00024728597917171883, -0.0001454579846646927, 0.0006948048457818788, 0.002962947282569136, -0.0005785563977644813, -6.590611229077229e-05, 0.0017745495747552424, -0.0007748982585874592, 0.0031369662498599046, -0.0018304521995223216, 0.0021097548197062327, -0.0007148097754021729, 6.514946431519569e-05, -0.0007233157049412187, -0.0011912690189934713, -0.00024321506476085268, 0.0008596450901138651, -0.0021050682095509607, -0.0013611735562824969, 0.00015811061533223811, 0.0010087453103698768, -3.2902372481356866e-05, -0.0013583590365982333]
fitness : 0.005601665495363672
end_deviation: -0.15770333660270297
