array: [-4.943350101613026e-05, 0.00017454876792236639, 5.947174312673708e-05, 0.0005465119226294804, -0.00020334344807052007, -0.002101719088969004, -0.00021971927521849288, 0.0005366240620976608, 0.001557523291909207, 0.00039793148658559497, 0.0005139662061914331, 0.001532544991539913, -0.0010836119897957236, 0.001661512340060069, -0.0016366650473014248, 0.0002577324993043829, 0.0006706535325765389, -0.0013537475844665986, -0.002832363010204298, -0.0014121220292984973, 0.0011171790765068614, -0.0003839921669598163, -0.0003213674190498635, -0.0015327551033945288, -0.00034878632626017016, 0.0005014777872270155, 0.0026185994344888087, -0.00081583104274916, 0.0012100377268311766, -0.002103023571370183, 0.002123402144815722, 0.0010956070783974719, -0.0008210610237583157, -0.0079883550130402, 0.0003374126209996699, -3.3983349304541905e-06, -0.0006307706920587403, 0.001865149026741511, 0.00950842734494428, 0.0033790549042458113]
fitness : 4.03304450291575e-06
end_deviation: 0.0036431831508314527
