array: [-33.80848145189793, -15.798408206287478, 25.42776938316143, 21.672146856212013, 5.6325998284673435, 32.11615667070004, -9.897614856388548, -22.970607768779367, -12.925063453332708, 30.991144879639, -28.482611671268252, 52.02593419766859, -8.090881223371142, -31.126565908061988, 1.9814229566397545, -26.184532417832, -25.356707053420518, 29.9721941325337, 15.314071233471433, -26.10661484877235, 7.0663133301182635, 11.21207415288314, -20.081764858122213, -2.945541100901049, 39.372416326790635, 54.11771021243494, 45.48211869896544, -4.564241483282119, -18.97448538490129, 44.08166707633, -1.0256248123673295, 1.3507683453017043, -11.889313273181552, -22.64799651293752, -22.383419020098838, 5.302372173260369, 19.175729876430527, 17.108935855308125, -14.052197022957975, -1.7636178739525228]
fitness : 24816.591719956825
end_deviation: 0.5
