array: [2.0112183248767836, 0.10309654523548237, -0.8420807118815663, -0.023803148650037034, -0.15979015784153372, 0.9005533171732416, -1.030028258771942, -1.852146155706114, 1.036422539259112, 0.9923123145206793, 1.0073210583400185, -2.897065577214165, -0.1275321236376723, -1.936208674479822, -0.8938351190682727, -0.8773600230770612, -0.19108251971669166, 1.0889402585682142, -0.8380953231267803, -1.1084595965231907, 2.019012589333266, 0.048485122760199964, 0.8455231677669302, -1.0185162199365374, -2.12787982282258, -1.9844350404913818, 3.0500271375225227, 0.08451994226807358, 2.010320687216336, 1.964991596104099, 0.9532888414020855, 0.08264886936444027, 0.8971765136694907, 1.8733573565122108, 1.0085916884555042, 0.49128633388543785, 1.8594949518555541, 1.038885144173835, 0.03542116585351618, 0.1975537229406804]
fitness : 163.9205004105068
end_deviation: 0.5327839529779014
