array: [0.00025936048366576557, -0.001432709737514055, -0.0005551653299417474, 0.00035091677921098626, -3.3658423591997845e-05, 0.0007859811385220509, -1.1903950660800688e-05, -0.0017923570072316338, -0.00047385005890156684, -0.001597125995432801, -0.0039055843779554943, 0.0003171086809972369, 0.0005160818374049477, -0.0008840879860211397, 0.0003059495417369315, -0.0007494890315976562, 0.0008711815571446787, 0.002545312680904535, -0.0007361702305990875, 0.003078382917504807, 0.0014163591999770755, 0.00019815059670224005, 2.6919141536857136e-05, -0.000909204735839881, -9.571696918405596e-05, -0.0007238939621557695, -0.0013168458533796938, -0.002027259222355137, 0.001627218115399696, 0.0019482757787032982, -0.002467928985237252, 0.0015610276577207515, 0.003050287729898173, -0.0004991953131251994, -0.0007309025674909043, 0.0011141678611690758, 0.002761823790246784, -0.0004297907550740842, 0.004999457757606763, 0.0028151132288485575]
fitness : 3.367124711606273e-06
end_deviation: 0.12618626022975837
