array: [-0.0006666104838244091, 0.0015753160941755964, -0.0002520757251701228, 0.0033731905078184152, -0.0007877255096806366, -0.001957109910009913, -0.0008779473971725384, -0.00017580116207818676, 0.0016548492185614605, -0.0014410859168750923, -7.001595190844409e-05, 0.001990840822606168, 0.0006476337669314544, -0.0016262291074802728, -0.001378626993243313, 0.009118551039138622, -0.00622148822665184, -0.0006643206445744996, -0.0019938448954976663, 0.00011393745918216597, -0.01355140612603227, 0.0018851013360765053, -0.0004568411865351627, -0.003526123556776277, -0.005092711865594956, -0.001084587094382694, -0.001620875485433864, -0.0031318702168559483, 0.0030874942791562065, -0.0057690869191995495, 0.004284575614383794, -0.003220599681312355, 0.00036165855561094695, -0.00186506379564829, -0.005498528978424899, 0.0004695657676308789, -0.0028841036776207224, 0.0010226716271723927, 0.003012138398170834, -0.0028022365369994237]
fitness : 1.4783483574198897e-05
end_deviation: 0.5
