array: [-57.00187918763682, 54.00035687653714, -123.00493362377668, -34.00482312695859, -116.00055958263636, 36.01879894083963, 98.97960117202297, -2.002410449717279, 104.02605347899993, -102.99692127186768, 119.9767173309897, 27.974869276896285, 76.028789120723, 26.00654860372158, -106.01596528316897, -134.9917078322733, -129.0002199406336, -102.0230382255132, -100.98116881057088, 127.01056369400818, 48.97760208044861, 9.976609814094138, -22.997324873316316, 13.995140020806558, -157.00362833497238, -150.00383728758874, -124.99988322358209, -78.98267136097049, 79.00169911990935, 143.0115825404844, 74.99793807030954, 123.99077894465036, -110.02509604013615, -31.99319395177899, 71.0211672933901, 56.019804500724135, 100.01909678331539, -123.01048121072614, -31.996492028981436, 65.97747034034123]
fitness : 20.012061050164906
end_deviation: 3.818067767116208
lb: -150
ub: 150
