array: [-91.00358568282913, -27.990667703156536, 87.01144175783556, 120.98598600359703, -72.96178924198038, -135.99024711312572, 18.991969340050588, 136.9722699280466, 26.989492512215435, -29.010128548239894, -124.00903802396405, -60.98618983920874, -46.01609882567266, -55.00522586940932, -75.95679506262167, -74.99638755696225, 55.01168920399994, 14.975241154143509, 110.98683721100056, 9.001937823684615, 111.0117216307538, -104.00943286402611, 102.99406065362476, 107.99569120638523, -114.0469700312883, 29.975295020605273, -98.96519360815954, 60.976460019541705, -107.02032079150827, -110.9808792022053, -88.01034612272372, 134.00576203687802, -100.99505199400781, 59.04717284830603, -123.0140676560075, 7.0096347368426875, 15.005924100376966, -52.02233466716282, -81.9951104499269, 43.01264225331498]
fitness : 20.020538120866064
end_deviation: 0.5
lb: -150
ub: 150
