array: [-2.091349615476745, -1.0529627987481323, 2.1000756911394367, 1.058132208203833, -0.9802345162061067, -0.030426598530556778, 0.9983803478476156, -2.006471332832297, 2.0530502301156712, 0.932432742529594, -1.0637367351980689, 2.965525132035206, -2.854793145829935, -1.9703575131402735, -3.971855987687829, -2.050839814330023, 3.0829466585050493, 0.9765367689726382, 1.0193595844392929, 0.9227543405939795, 1.885862170127997, 3.2015423445068496, -3.0396006144750887, 1.9500354896482721, -1.069143815495515, -1.953764755649825, -0.03940040346502603, -0.8964718694135708, 1.9553313353013257, -1.9134822418487625, -1.096420109586715, 1.0156616665300437, 0.9845991966858573, -1.002190409984034, 2.9578623695582182, 3.9370328068781175, -1.0809719757677754, -1.9440195339944266, 0.9765447071406738, -1.0422135661273286]
fitness : 187.8708568158707
end_deviation: 0.5
