array: [-1.0721424086997573, -0.08558884325671347, -0.07421733870150726, -0.03907067217710886, 1.017257630513066, -1.9661186160041044, 1.0876295731124443, -0.01538514882628936, -0.013644838463700171, -1.027487460842801, -0.03943064125628481, -0.0828881394799056, -1.0315482583679048, 0.9668424136838696, -1.0014075665163422, -0.017820350545926174, 1.037874243808884, -0.00811797264419023, 0.023739573367768177, -0.05420959977629303, 0.06155420150688651, -0.03659664439382393, 0.0296532095750619, -0.0661585314769436, 0.019488407900005302, -0.027373275181103912, -0.03943075738143721, 1.043435980225727, -0.028909212679767975, 1.00189772813244, -0.0263414746912427, -0.05724699591754858, 0.0753571154005932, -0.015102875392164705, 1.0502282794052737, 1.0362272728316448, -0.9688216268485521, 1.0104989360373429, 1.024223686270264, -0.03387464079786691]
fitness : 34.884904588810684
end_deviation: -2.0335083509318355
