array: [0.0008004555658562419, -0.0015843700407345415, -0.0006050480899500409, -0.0024426990329316778, -0.00034474703100971504, -0.0012929351415215899, -0.0015424299629687357, 0.0009336423557851845, 0.0025002541748027508, -0.004678108616254091, 0.0008195210147579242, 0.0006388675543643821, 0.004668944602325972, 0.0050782878178816, -0.00028638787303003795, -0.0013116184468825245, -0.003688352022558508, 0.0007557840203458611, -0.005491552313357531, -0.0009319741447080363, -0.0008721770688925184, -0.0074242891017316515, 0.001209879480246501, 0.008564543993522744, 0.0047696179616297145, -0.0009124451641252737, -0.0009933954467880946, 0.0011331498026200277, -0.0041607214453887875, -0.003057022746303471, 0.0029032351024718007, -0.005132276278149276, -0.000947190414526366, -0.0013847518960266982, -0.004369746774467428, -0.0026557932504761555, -0.0005829059086481375, -0.007383995128418495, -0.006366535569901662, -0.005240595694477273]
fitness : 1.3135917571793776e-05
end_deviation: 0.5
