array: [-0.0024929437452744082, -0.003013100356461019, -6.0852507209845e-05, -0.0005578002478834471, 0.0014040174366797761, 0.0007483935690218898, 0.0015614843065500262, -0.0012073859653766597, 0.003203826938382412, -0.0001880842262310129, -0.002229839814926819, -0.0013519854428270441, -0.0043569686497948205, -0.0035993531494440457, 0.004387058997793926, -0.001728871147999969, 0.00205986552044564, 0.002654985698124798, 0.0016105636090881677, 0.00019064881621995872, 0.0010767530313023866, 0.00024492263034243695, 0.0017887748701484185, -0.0006683099659964601, -0.0028837485076829462, -0.0011244459778025325, -0.003259986615275356, 0.0020935441213164223, 0.0024699616749116883, 0.0007342707789491696, 0.0019755411941400807, 0.0008534346797856589, -0.0011515704229361377, -0.0010421842929877333, 0.0016983846733259157, 0.0010154563663877297, -0.0012395606359944795, 0.00032638883344707063, 0.00025371506376418757, -0.0017242623290966885]
fitness : 0.03153693491128706
end_deviation: 0.0046999890649668695
