array: [-0.9110044447298503, -1.0495136086900283, -0.005476631536586643, -1.0604471733161813, 0.014638527395907985, 0.008443548678049417, 2.0101617308680098, 0.04894918202947429, -0.981174727597193, -1.969071382705864, 0.004349795496363884, -0.9353635361090848, -0.9938529299502711, 0.9787577472574371, -0.9992205067038263, 0.021360760979215635, 0.9918065803853092, 1.0000635216397695, 1.015371575739243, -0.016552443381504744, -1.0071654673569053, -1.036140999239184, -0.9488682332832257, 0.9931435154465836, 0.9390837962353508, -0.9559908348360066, 1.0021520479252222, 0.04461878619879811, -0.040421007322502644, 0.012961589903882409, 0.0021264808300850927, -0.018525270170778117, 0.09524167116391535, -1.074025569746719, -1.0320833080820981, 0.9462631061971672, -0.026633323581360946, 1.0098632865583679, -1.0105915395304625, -0.01701396733423887]
fitness : 41.871664319071556
end_deviation: -0.6726688237827911
