array: [-8.19912166256995, 69.18270625381653, 22.930616389854833, -20.714850994811197, -95.03319850570061, 102.12732160320878, 62.039040422060815, 55.557063831185225, -31.773389720257185, 17.262163256312462, -18.114443960545266, 57.052349219144716, -32.22232917895752, -2.029807115842835, -48.321189927940225, -13.826966772276075, -79.75668899596162, -38.17373988748182, 1.8155774169104044, 19.042238243257678, 50.406180295794655, 46.624588493422095, 44.889705455208855, 107.78565856995861, 35.751957300303815, -10.92990954841452, 59.516030458792684, 2.4583583200547676, 0.9303986465675202, -14.068857004765984, 62.769922121724775, -30.988294430482842, 20.85792253015491, -45.757077823087606, 16.037530586389167, 56.03921765363046, 42.86841029912255, -93.65140322349835, -15.68745060891187, 24.12198274674636]
fitness : 94880.25290675058
end_deviation: 0.5
