array: [-1.436489324649307, 8.210914547748006, -48.4199787282559, 3.662171529709793, 38.97561074585693, 7.921401027595717, -7.549873397139197, -3.4784466511383196, 24.51275976976993, -10.293974099157523, -29.752551182550985, -12.877550818260014, 27.517875991759347, 5.15353436541296, -26.220061408195964, -4.759123643402049, -22.74590416379333, -35.284652825352715, -67.01036491716452, -23.861133704278696, -39.70614807827436, -9.647401346013865, 28.21303802882582, 13.31649264450742, 24.02431442977677, 3.762463796833284, 14.252283394897635, 0.653062938347606, -4.378439263110672, -28.879606292924432, 12.42319234958357, 23.129099887517842, -8.209054895928618, -27.127200353644195, 13.766476490226447, 9.476272823415758, 26.99328878531452, -48.853898588786095, -35.63510091151214, 31.637570256945857]
fitness : 7.4003335171314095
end_deviation: 0.5
