array: [-0.2016368516257209, -0.13883834709447507, -0.020406050484077592, 0.05227555336372902, 0.08823178873990428, 0.59213949274385, 0.49320018575258917, 0.3137784035927995, 0.43244857429133177, 0.3595869415251181, -0.43815841997231475, -0.29045776492360725, 0.2898865503668139, -0.15243671653088858, -0.0014378485673667285, 0.2053431270481313, 0.49615452400679105, -0.1871495805488842, 0.12198770233456746, -0.6742352296137529, -0.14932217786390134, -0.299975145101937, -0.711916037740086, 0.13846808799975308, -1.4269164670747223, 0.5587823753940491, -0.04005615853621097, 0.2777648843029673, 0.9256133778907298, 1.930649215169371, -0.7192003967303567, 0.9361340123926886, -1.1765559000692385, -0.39758562439799416, 0.5378614296112926, 0.623228772155411, 0.42322775183238914, 0.8203024719417328, -0.2912056761837325, 0.8123224368315877]
fitness : 0.29982870215613544
end_deviation: -4.051303539415004
