array: [0.023154763642792498, 0.028410077824629218, -0.020554860808692177, 0.011129910293826983, -0.10114551798408362, 0.026512808242960192, -0.022156743165452283, 0.000900474784720634, -0.08548331776652007, 0.02131112875973956, 0.0845046868446982, -0.05612513971853041, -0.10033925926042411, 0.010141805536219628, -0.019097828842285475, 0.011201286689773715, -0.055909485680295856, 0.010876454606740693, 0.09761205578302357, -0.05458892879468092, -0.08788755530810072, 0.03151220758382185, -0.147649469861608, 0.06229152746305347, 0.04462428360908223, 0.027009851575620414, 0.003887975230464455, -0.009203205134459547, 0.12268749606140314, 0.026061795408628186, -0.20068274081520715, -0.027248044466065324, -0.023404986808707673, 0.10549120488332697, -0.022325279868210007, -0.013875378704206874, 0.046362893909465075, -0.05078432765305432, 0.03224500522979354, 0.019704717434478047]
fitness : 0.005425121826036272
end_deviation: 0.5
