array: [-0.044412670347441605, 0.002289530462794353, -0.01664714650336869, 0.020683810563479656, 0.0019972051567819366, 0.0440769056402195, 0.0023475640757516236, -0.0032263670671911077, 0.0009145349705130534, -0.0463379555220206, 0.06813596254785041, -0.12254851959214388, 0.07874246736573781, -0.10551543778801188, 0.11534602171523986, 0.13669738470475376, 0.020789542721980143, -0.07579103768582285, 0.12414084344330295, 0.10275912521212957, -0.002505232560462952, 0.08593925474279773, 0.03962603382578321, -0.06814304793039683, -0.038563696483569235, -0.1997077941508621, -0.11600906241017991, 0.020366606272425924, -0.1318292680257723, -0.003883582916465643, 0.0013065260351022186, -0.10676620856875155, 0.20556820059649467, -0.024487493797396204, -0.07612055672876936, 0.09592301516960246, -0.04502087868975542, -0.05509133484018649, -0.12733712871796976, -0.07656113795926794]
fitness : 0.007782516429187258
end_deviation: 0.2918299259387531
