array: [-0.007258073946904031, 0.020752627124585345, -0.026740705497272338, 0.002314859727266168, 0.0016523419248944612, 0.017695208620955666, 0.020997351112911594, -0.033119532864437314, -0.026852344237770304, 0.027133724104668536, -0.007684585554512506, 0.0024524749177536054, 0.04361100362873418, -0.011852131257031454, -0.006641633149478025, -0.027012561845922767, -0.014470262646507803, -0.039663746692966184, -0.033650620616798244, -0.027780057582722048, -0.005930154945985339, -0.03175191236570048, -0.029847646649736458, -0.014207785348184732, -0.01236699895792562, -0.02177513167807553, 0.055367311296848784, 0.0021624309344295684, -0.023391961744690853, 0.029865002257707968, 0.035995807018101844, -0.0801366080613232, -0.04831791664123769, 0.04568448345047136, 0.019341985361826214, -0.021171230752402598, 0.036345005491241617, 0.010616453844150678, -0.06218072509103323, -0.007700499211411332]
fitness : 0.001079256984920729
end_deviation: 0.5
lb: -5.12
ub: 5.12
