array: [0.0037540686111429316, -0.001231734033828205, 0.007216275000871098, 0.028376348068171825, 0.0016243909835265032, 0.037399450853154555, 0.00178347933828428, 0.024111302867120356, -0.004121018080533157, -0.018081507961190797, -0.05130112486084082, 0.015605715798550194, 9.373880933706558e-05, 0.03865223065548948, 0.03348069907343441, 0.008531377890001543, -0.058333778973083554, 0.017129190176626872, -0.007749639433374436, -0.011073936860245437, 0.02560358665391053, 0.026451806826123483, -0.019691783160044107, -0.008242954613928696, -0.00885374554242588, 0.029795112582377298, -0.03409588495521301, 0.038037330076768607, -0.02221365342951708, 0.048723373139129035, -0.026550444561935355, -0.06042419446128759, 0.08559383492921782, -0.0481889847145298, -0.0690277558522745, 0.06183574204043395, 0.020284928938057504, 0.012037285239813025, -0.045001377203546855, 0.11478264709215039]
fitness : 0.0013253742193597429
end_deviation: 0.02297160942030496
lb: -5.12
ub: 5.12
