array: [0.0001938019032894818, -0.006122548407124473, -0.006179435734721923, -0.0027447731784359802, -7.040891854808752e-05, -0.000735530430969791, 0.00023358319203594519, 0.0010680842380474502, 0.0008720242989328081, 0.0007488128010287995, -0.0010336478063085542, -7.436312716807211e-05, -0.003139856643106908, -0.0030232274890445252, -0.002618260635199359, 0.001276333769497417, -0.001462643949094844, -0.00461485008097573, 7.295814791832573e-06, -0.0007741840593587452, -0.0007004890682511984, 0.004473775616939936, -0.0036133718213499635, 0.0011748231766403917, 0.00205421870453798, -0.0048184733119387615, -0.0020693564173159167, -0.0054824503464762885, 0.0005961388881186146, 0.002420389845712311, 0.003966515148425151, -0.005876447182210247, -0.0007175995319537026, 0.0018867126105364083, 0.001183930869204406, -0.0026500055953336786, -0.0017115066074702727, 0.002787866732296952, 0.003936827533546648, 0.0002726017928703639]
fitness : 0.011944700724662471
end_deviation: 0.5
