array: [-38.96713120442915, -144.0101445158286, -101.00730662378547, 110.98215280697518, -52.996949399787106, -133.99445586033022, -145.97017522722487, 15.014613746829573, -84.99803275721841, -78.01028616243926, 24.018471928128154, -113.00469455502481, 123.96263775623937, -95.99355110061558, -65.01217551926749, -140.9955944259681, -2.9858520458805615, 140.99093799507756, 126.99241365882864, 114.97631478182512, 134.01885394314988, -59.002490159891956, 146.02319937593148, -61.00490869159836, 44.981318822316936, 41.002440300934204, 24.007578699591345, -111.98324556719896, -131.99620728380418, 71.0006098835023, -48.00286476235603, 55.97291092689528, -52.039541542647996, 33.00146436592098, -54.98700977833647, 24.99094335876348, -25.97117196870073, -53.967002186899684, 90.99402800868103, 137.02665667699617]
fitness : 20.016714374302225
end_deviation: 0.5
