array: [128.0013704235417, -75.98489283370854, -131.99955365752456, 144.0021711923222, -11.001538372456412, -33.00183497176063, -37.01243943412707, -24.99340543158768, -146.0126108449145, 97.99656179229382, -138.98815511863395, 22.001684045528183, 139.00023599087763, -47.00031651073348, 126.0108249069419, 45.007906667203514, -85.00554253994304, -39.99574309658836, -116.00585476341372, -145.00536512201472, 141.99017559411732, -14.008396193082486, -142.99857884051832, 115.00200610102058, -61.999224559528685, 50.016428607879035, 16.002953441258008, -69.00724118510789, -1.003330854771295, 33.99487622010108, -11.005398513088268, -38.010913526303185, 100.9986559994276, 96.00033864127091, 114.99528604654519, 88.00678560159763, -53.0036503690297, 108.00392360950397, 147.01589517977803, -7.997822829840225]
fitness : 20.00280233407826
end_deviation: 0.004751498032072234
