array: [-8.998966746021942, -121.99809503519059, 125.00310820685635, -46.9992286096901, -111.9982291013718, 35.99925380566747, 130.00024445276478, 24.00046714761473, 100.9953559621736, 3.9992576452568533, -120.99696259918326, 21.00152807660339, -90.99885306744302, 96.00026862611703, 114.00257959685881, -33.001901011778926, 25.000359405459147, 63.00196927109755, 115.99916883935175, -39.99965911438392, -9.998831148802328, 15.00007257160766, 47.999948507392, -26.996645495106147, 12.998396846369008, 67.99950323919509, 133.99847184774893, 35.99749948718147, -130.0001306857492, 103.99869363951389, -67.001852791047, 112.99979418951256, -142.00024909882447, -56.00155310490482, -111.00044496291434, -146.0009266005939, 66.99867694889218, -70.99755995273259, 37.99944791892463, -131.99442788244303]
fitness : 20.000188348503077
end_deviation: 0.5
