array: [131.00063185838957, -13.999944286320138, -60.00162340035655, 40.00022759835154, -83.00085338962427, -132.00218415860547, 139.99957535035284, -89.00044786261213, 13.999162310188673, 117.99859894636674, -71.99968315303983, 88.99892660797934, -78.99952111661867, -74.9997600064772, -7.000339500770152, 139.99952160883888, -28.000088318378726, -51.000399336105374, 79.00051906884364, -21.999602905638547, -120.99951964936089, 52.00006333446343, 102.0002419783434, 10.001334791161897, -105.99965191665345, -98.00039123485004, -42.998840239969645, -95.99989522869737, -119.99993644771145, -156.0005252085022, -94.99970086082402, 46.00189930599841, 103.00254663102295, 100.00244961084691, 43.00140740413459, 74.99953913403657, 53.99977489213555, -15.999874696010684, 11.000821155556453, 41.99909802227057]
fitness : 20.00005010517102
end_deviation: -0.3714413615687601
