array: [0.0011442492600290954, 0.9795566337005677, 0.022499198647290823, -0.019644698889502328, 0.01568136790264152, -0.9585182767811156, 0.004469029399461187, 0.9983291619104475, -0.945394078761008, 0.0031168849296683136, 0.0462166153643885, -0.004896400849172755, 1.0038142520536872, 0.025077689993302822, 0.015127610816110894, -0.9766645853775545, 0.9939849256457084, -0.01946576642510551, 0.033718786019105954, 0.007679677752589376, 0.985525998521404, 0.02076258525930321, 1.0280247076767346, -1.0149703461594657, -0.017808757200928484, 0.9977085061558416, 0.0125237127142689, -0.02047710521686625, 0.023418829897126014, 0.027282491638205536, -0.03325646833341056, -0.04049785987710224, 0.031370398541128885, 0.9978961800198791, 1.0223536045034305, -0.01822651472160717, -0.0017304601306640573, -0.010057228030597744, 0.9689834416836601, 0.012932147510589596]
fitness : 17.91595636297808
end_deviation: 1.8177792391954724
lb: -5.12
ub: 5.12
