array: [-0.015433443648266154, -0.019137034478171333, 0.021334202620102355, -0.057333316310760885, 0.980003177561966, 0.9832802990604281, 0.062755078205904, -0.023687392382175584, -1.0052822272017872, 1.0068162486888075, 0.009421411830248194, -0.010725448827856636, 1.0291444176921627, -0.04028986838880266, -0.0650292472752847, -0.9778809891468204, 0.030346200328255163, 0.006322965548955159, 0.993837250127706, -0.04923106036672231, 0.02373619209618653, -0.042282111768959796, -1.9779400184324034, 0.014709361335676793, -0.02792339367387086, -0.009922059853305052, 0.05016670294902245, 1.032832836373437, -0.9829107943511852, 0.026209274019715068, 0.976417331228308, -0.9954848613304352, 0.02776870606195074, 0.025113080321189862, 0.0658377490961005, 0.9900510537277242, 0.037604833373247534, 0.04795670936969859, -1.0080009058927395, -1.004180321043192]
fitness : 25.545468857562355
end_deviation: 0.5
lb: -5.12
ub: 5.12
