array: [0.0023457962702058133, -0.0021456350427870863, 0.0007946190097979124, 0.007317383192230298, -0.004713696931089712, 0.001878650270291971, 0.00047835011241658147, -0.000787694712442678, -0.004868577045910642, 8.326772908720699e-05, 0.0001059769256063995, 0.0003312330804500507, -0.0015741988168025396, -0.0027255605896134606, 0.003482888868490304, 0.0034492778940019894, -0.0004157634498409418, 0.005169667515965384, -0.0024459486435549124, 0.00862136887939114, 0.0016943153788060031, 0.002008013946718741, 5.2766311321537224e-05, 0.0013383474405121373, 0.002014577918703006, -0.0004192608903095599, -0.003921642502519267, -0.007020863442264547, -0.006471455562250528, -0.00041375205077167146, -0.0023163981735694226, -0.0007293432445631964, 0.006139358491742613, 0.008771224912256115, -0.0016254872811515624, -0.005260334924888033, -0.004000922541178807, 0.0003872272512729191, 0.0007526264786461775, -0.0041304713464022196]
fitness : 0.11110988199487792
end_deviation: 0.5
