array: [0.0007880707091896325, -0.0015296427307801702, -0.005234550477343689, -0.006493975370072133, -0.0006851900174542694, -0.0008131700252309859, 0.00022930347266689882, -0.008809894830863906, 0.005406583226067558, -0.0009370164672404396, -0.003760555218685485, -0.005940539910716386, -0.008199045025916531, -0.0012146899782369755, -0.0049103663083364425, -0.0036823805672016093, -0.0029534362712058965, -0.005697386720465502, 0.0022876538408134724, 0.00041674204441105936, 0.0020943707811350272, 9.349451066431157e-05, -0.006275788015816637, -0.002876575242824614, -0.006043194928433054, 0.003557612453581438, -0.006737904342822176, 0.003134754843458728, 0.004796219284856806, 0.0035434447352598424, 0.00023096943940847936, -0.005117194692927707, 0.004023631607821038, -0.0008794070570927823, 0.0055548508929384975, -0.007367718114235307, -0.004505063901561815, -0.0010337298542181517, 0.0072515392903803565, -0.0019246909507500617]
fitness : 0.15509173290774925
end_deviation: 0.5
