array: [0.00047224830878669894, 0.00036587862613771355, 0.0025656575149626297, 0.0035180859411471687, 0.0031154583721574015, -0.004475001643447611, 0.001096942230101631, 0.0005665199249617926, 0.004444207294846928, 0.0033281806411345214, -0.00036313925711596703, 0.00011072612346987604, -0.0009423837788643391, -0.0016701581179560322, 0.0024174858145040584, -0.001976027495492719, 0.0005394090918939911, 4.310579912398908e-05, -0.00021136072632353068, 0.002235424951236836, 0.0038265003131883993, 0.0012937093953618688, -0.00010868191383425403, 0.0010887180650577745, -0.0009141728456217178, 0.00013663268388569008, -0.0012153048648261694, 0.0003199873201704044, 0.0009213171097436172, -0.0012800852994701176, 0.0005060732046033618, -0.0007185181471842363, 0.0021221729925213384, 0.0027156771090475415, -0.0016951308388297275, -0.0025308220455546523, 0.00041096677688590676, 0.00023072756381348116, 0.0013581535463184603, 0.0009517123612278002]
fitness : 0.029289798082572815
end_deviation: -1.4803585708141342
