array: [-0.010974959281513312, -0.0006242758406667728, 0.01481966463663683, -0.002906961742342895, 0.001445223052318964, 0.026055223646030815, -0.003982643294450854, -0.027841204045225228, -0.03399464043030004, 0.01898474649627027, -0.08255380238808563, 0.08750506487752333, 0.0486372298056966, 0.17301115881386442, 0.03853724719462771, -0.02732165390528213, 0.09929426899148439, -0.07065151392433347, 0.03966228441883862, 0.13540695099902839, 0.041547352658113046, 0.04203288350900708, -0.1479772985459711, -0.0831549435322949, 0.13099912753177687, 0.025120579143224187, -0.10354548055542406, -0.17682195389319755, -0.001970569533144364, -0.016337323322158426, 0.017172542430727133, -0.006913608941524929, -0.09597524742279231, 0.025376090589811384, 0.059272698749777974, -0.004868293157500092, 0.11523685673092514, -0.11270822490119498, -0.04139156191517701, -0.12410733005217323]
fitness : 0.005704792730439223
end_deviation: 0.5
lb: -150
ub: 150
