array: [0.004376080276262481, -0.016251393374687367, 0.007041486738115396, -0.002290103165739195, 0.01531182072911215, 0.009695581799938064, 0.01716605527043248, 0.004813514961406754, -0.0031285676792068493, 1.9960746720407152e-05, -0.03367620809201542, 0.032491331341419745, -0.016658523966967455, 0.046505923987687256, 0.002428739072769543, -0.004151465754473572, 0.01588583787746737, -0.048856890380327325, -0.008665988672818613, 0.032685443940757626, -0.02314530668238291, -0.010304946015584272, 0.04641113237295716, -0.05801810143355993, -0.030738893877954546, 0.03085760803081394, 0.011588626001971955, 0.02723994712193742, 0.07343235732626827, -0.02896902261329598, 0.0076195861230416995, -0.008186535637471709, -0.0038862765332688, 0.008023948577828469, -0.014479334821621254, 0.0812224970640721, -0.019573979921187312, -0.05959080705054835, -0.017747953505103976, -0.1451693444536419]
fitness : 0.001148242396718624
end_deviation: 0.11289033593408604
lb: -150
ub: 150
