array: [-0.0012736115543582893, -0.9327879099566705, -0.9762815091661194, -0.010738199777661052, -0.9708372013131674, -0.01895611121229719, -0.9789216787710526, 0.9660581780426112, 1.0086166969687986, -0.030271666977613965, 0.027239966886651812, -0.014948747073182792, 0.033757318785748607, 0.07263489505170961, 0.058407767818602935, -0.05165126329286597, 0.008416597227480239, -0.03903817832431897, 0.05010974214441079, -0.06491008760898262, -0.029444054384585694, 0.02797158287853737, 0.9718045038851666, -0.012155286699568092, 0.011992811517765132, -1.0023966263077362, 0.9655901095697921, -1.0382753341795699, 0.02638660454824989, 0.03442208072904042, 0.9566311432552179, -0.026690199542314517, -0.014210357088089608, -0.029071070207696864, -0.005341380533309903, -0.9626805816473744, -0.0030561337112361905, 0.01930104948213507, 0.01608125590477367, 0.98855286823691]
fitness : 21.070703711851706
end_deviation: 1.8609689413072938
lb: -150
ub: 150
