array: [-0.9903853277451695, -1.0411656937062315, -1.0465647804780949, 1.1020376224314232, -1.0316284622361944, 0.9362716696344454, 0.967284596696037, -0.9823467081556781, 0.028975680410045515, 1.1910844858633634, -0.035103173760450454, -1.9833494985000057, 1.9056262744278925, 2.9800488162697483, 1.0536497899007895, 1.1384101600021452, -3.0223385857578764, -2.9771403830166205, -1.9801615491887943, 2.047620694261917, -2.0319555509808347, 0.9330173116181353, 1.022528139524803, -3.0399919200403964, -2.9333040437505593, 1.0557550249685383, 1.0059513880653062, 2.0360386422778403, 2.0022988120526453, -0.9257969538082493, 3.008849002214949, 1.0974686360818209, 3.1026115763045987, -0.9990683497920662, 2.023669291270444, -0.07475223026389444, 3.9782087596019178, -2.189816012611462, 0.00596241147426621, -0.9430968141428421]
fitness : 169.97526108136634
end_deviation: 0.5
lb: -150
ub: 150
