array: [0.00510372610008525, -0.019335206033743807, 0.02032526034803629, 0.03343742259166006, -0.07086813807127484, 0.04555339149632447, 0.026110232153872613, 0.038183620415330265, 0.0011535713794863685, -0.017447669119646417, -0.06732365736335408, 0.06872637844396125, 0.005094389053450841, 0.037782738309032046, -0.012037944053144255, -0.012322883842838417, 0.014081608665410745, -0.01675456819673262, -0.035651843532476614, -0.006116794775445041, 0.009872368151116612, -0.00982761208396733, 0.007758567318862819, -0.006746476051402342, 0.026554726982499707, -0.0022684851429369654, 0.01230741840578013, 0.028701441559570537, 0.04126815069966659, -0.03716201504980588, 0.013786977121175277, -0.007869036118582511, 0.00596246370333694, 0.0015708880489546922, -0.04718629300753107, -0.04445282107088444, 4.21266272084414e-05, 0.0054682170016279626, -0.016654407524067466, -0.034546421542969885]
fitness : 0.1650896143213254
end_deviation: 0.022020675541594148
lb: -5.12
ub: 5.12
