array: [0.0033976651947466158, 0.003968523572594265, 0.05409484231949882, 0.00428832806634212, -0.019981576412917743, 0.01584163724971712, -0.043390159651296833, 0.0008869084774080771, 0.0006895191999721842, -0.03569049423994869, 0.01531484450009954, -0.032793338465633065, -0.032316180264922556, -0.03551822185548973, -0.005680910703795436, -0.02395281073174295, -0.042263890253156966, -0.0388803439418695, -0.01192443837912888, -0.001280731988912709, 0.043984265461288294, 0.013221397944249577, -0.022763900113045594, -0.0024639689533416803, 0.003843884466825681, -0.03208159983925646, -0.03481852416784954, -0.023385464146847834, 0.007960156064060857, 0.02744543912145682, -0.00107532949240805, 0.034458257593927594, -0.00859734850272307, 0.023746111781335767, 0.023261763341705016, -0.017865810546230362, 0.003887579260454785, -0.04361762493172858, -0.02064730430572289, 0.0008995147482313975]
fitness : 0.13532279259132984
end_deviation: 0.5
lb: -5.12
ub: 5.12
